	First	Second	Third			First	Second	Third
	char	char	char			char	char	char
Space	000000	000000	000000		T	076400	001440	000024
A	003100	000050	000001		U	101500	001510	000025
B	006200	000120	000002		V	104600	001560	000026
C	011300	000170	000003		W	107700	001630	000027
D	014400	000240	000004		X	113000	001700	000030
E	017500	000310	000005		Y	116100	001750	000031
F	022600	000360	000006		Z	121200	002020	000032
G	025700	000430	000007		$	124300	002070	000033
H	031000	000500	000010		.	127400	002140	000034
I	034100	000550	000011		Unused	132500	002210	000035
J	037200	000620	000012		0	135600	002260	000036
K	042300	000670	000013		1	140700	002330	000037
L	045400	000740	000014		2	144000	002500	000040
M	050500	001010	000015		3	147100	002450	000041
N	053600	001060	000016		4	152200	002520	000042
O	056700	001130	000017		5	155300	002570	000043
P	062000	001200	000020		6	160400	002640	000044
Q	065100	001250	000021		7	163500	002710	000045
R	070200	001320	000022		8	166600	002760	000046
S	073300	001370	000023		9	171700	003030	000047
